2,10,30,90,160,250,30,30,			test
4,20,60,180,320,450,30,30,			test
6,30,90,270,400,550,50,50,			test
6,30,90,270,400,550,50,50,			test
8,40,100,300,450,600,50,50,			test
10,50,150,450,625,750,70,100,			test
10,50,150,450,625,750,70,100,			test
12,60,180,500,700,900,80,100,			test
14,70,200,550,750,950,90,100,			test
14,70,200,550,750,950,90,100,			test
16,80,220,600,800,1000,100,100,			test
18,90,250,700,875,1050,110,150,			test
18,90,250,700,875,1050,110,150,			test
20,100,300,750,925,1100,120,150,		test
22,110,330,800,975,1150,130,150,		test
22,110,330,800,975,1150,130,150,		test
24,120,360,850,1025,1200,140,150,		test
26,130,390,900,1100,1275,150,200,		test
26,130,390,900,1100,1275,150,200,		test
28,150,450,1000,1200,1400,160,200,		test
35,175,500,1100,1300,1500,175,200,		test
50,200,600,1400,1700,2000,200,200,		test

site- 1 house- 2 house- 3 house- 4 house- hotel- mortgage- house cost-  test
0		1		2			3		4		5		6		7			8

0 medave
1 balave
2 oriave
3 verave
4 conave
5 stchpl
6 staave
7 virave
8 stjapl
9 tenave
10 neyoav
11 kenave
12 indave
13 illave
14 atlave
15 vanave
16 marave
17 pacave
18 nocaav
19 penave
20 parpla
21 boawal